count	reward_sum	squared_reward_sum	length
0	-116.03075623139739	10005.97800830095	69
1	-100.34042100049555	10004.888207525893	130
2	-61.31520450836979	12.303075440462997	2000
3	-97.46264293650165	10002.656170065826	95
4	-74.79008149611764	14.513313783837798	2000
5	-70.29808222909924	14.965108025581559	2000
6	-66.1585314857657	14.22746869369418	2000
7	-98.92221076786518	10004.908046209057	110
8	-53.93333213278271	8.745798000755718	2000
9	-84.46891846733664	6.419770811917386	2000
10	-100.38483556215525	10003.586064424517	50
11	-97.44221288249827	10001.727854931807	80
12	-109.89445446988782	10004.249455520445	45
13	-106.42078563270567	10004.01133389215	60
14	-105.23786122777184	10001.959593757856	54
15	-100.7109671376447	10002.105730711179	179
16	-96.15308787638178	9.074964154828317	2000
17	-109.59702732154938	10002.466552987453	45
18	-105.70203069827645	10003.041129034676	170
19	-102.8917853900571	10003.369108588095	151
20	-106.36355920314664	10002.640961448715	42
21	-107.04374806175471	10002.026824234561	41
22	-107.95186818545862	10002.396913500712	39
23	-106.8252037199212	10002.191764188477	38
24	-105.79867697871695	10001.919505647378	39
25	-99.94107340217644	10005.650682050895	130
26	-109.13686057557345	10006.26063815077	97
27	-96.70231628260923	10005.378950905373	166
28	-90.00149796318647	10017.333818612073	463
29	-122.77265128580513	10009.672963107536	88
30	-112.63210828184154	10007.505334497107	118
31	-68.7753972522406	4.462214705090921	2000
32	-97.74263211837416	10000.726311421748	74
33	-92.8221885488795	10004.507468228918	96
34	-101.60818804206153	10001.813300607013	134
35	-111.64502796420233	10002.279136816462	442
36	-101.48737569779352	10001.100761888947	86
37	-97.20056639748873	10003.015812783053	72
38	-101.76130329748285	10003.633534306102	71
39	-98.0638991874385	10002.682567675532	69
40	-80.07150050439066	10007.91999588429	123
41	-98.25043430932215	10003.325533276437	86
42	-77.54994187622452	10009.917838097055	164
43	-92.86355737897772	10003.397178059255	121
44	-95.84346721165548	10002.267688737958	164
45	-113.17547093063526	10004.579114349237	60
46	-115.62321840480107	10005.452162617667	70
47	-112.08218744591797	10004.057872376345	56
48	-92.60948393422254	10003.67932065625	112
49	-142.62093994763248	10004.981896068428	1280
50	-91.05092116400543	10004.352191845333	216
51	-98.75031151002005	10007.604940349787	342
52	-64.80084367544254	10.656066744514531	2000
53	-117.69079375092264	10004.873310357329	80
54	-121.22070601112331	10006.99269514545	88
55	-114.18499680854887	10004.845992301558	50
56	-124.44485495913548	10007.634856426783	98
57	-81.39912299176466	10010.082515161052	217
58	-75.76777713890348	10010.683194390582	151
59	-93.86849953687259	10003.035615606268	111
60	-99.18431005503459	7.004743139929266	2000
61	-100.86609412770505	10005.297930650073	64
62	-100.57500831233337	10002.098386300291	58
63	-98.60440267933974	10001.673035948257	62
64	-97.2885811432965	10002.04662173056	64
65	-101.60205697760574	10000.566253712544	53
66	-99.5593440656855	10002.102931444237	62
67	-94.40673841504335	10004.340800967286	81
68	-91.04153806078374	10005.967025342457	121
69	-96.56173232488142	10003.371379492552	96
70	-89.97617431370072	10006.592467893099	107
71	-92.69706806352956	10004.953259339592	106
72	-79.91113877023979	10009.272466533364	134
73	-95.5645689830007	10002.875078461138	94
74	-92.0207939516094	10003.014042897272	98
75	-81.09877273290513	10007.741116720097	142
76	-71.62914204825866	10010.359251142376	188
77	-73.07358678762554	10009.48253373661	228
78	-83.13921798746838	10007.434470686052	135
79	-92.42251332218893	10004.412987114083	98
80	-90.9793296617287	10004.283322232424	101
81	-83.17678318606715	10006.29711275002	122
82	-87.94595314148162	10006.532885400593	127
83	-82.75596148238947	10007.973916451996	124
84	-89.37096685944503	10005.486272188624	108
85	-86.3366860032138	10006.038299421787	113
86	-122.52120782159894	10007.254168577088	124
87	-87.09327190529342	10006.545487314796	117
88	-87.22508482555692	10005.194124454978	119
89	-91.30896358490348	10003.720437463422	110
90	-79.85829143219907	10005.925519389493	155
91	-82.46394973132874	10006.21223704064	126
92	-76.21068083937801	10007.96052558898	144
93	-88.87294614465654	10003.80829078978	87
94	-88.27550261031168	10003.797162377094	95
95	-83.55063875353417	10005.16258681591	115
96	-81.24511298412581	10005.483453192091	120
97	-79.02238286490024	10007.705120151892	152
98	-90.89966713273637	10002.603279269724	118
99	-87.32862915633066	10003.436959799466	107
100	-87.49394337304506	10003.82340573315	102
101	-52.02029248915858	10015.764338971987	326
102	-43.496984000994885	10019.028988729258	320
103	-84.71578662462977	10004.271903729123	120
104	-88.16744880473662	10003.446880779671	110
105	-66.95692677165306	10012.209220084596	166
106	-86.0536105228737	10.1233740015727	2000
107	-81.29198127658843	10005.89620164515	167
108	-82.2274828429627	18.25441457858035	2000
109	-30.508097011557567	10026.667330777454	662
110	2.673067591346765	10037.491879426696	374
111	16.97439724052063	10038.1746430907	524
112	-39.02559104640949	10023.916112582321	225
113	-37.96512954995722	10023.452753505222	236
114	-18.612180719022845	10027.948312224431	343
115	44.04657426815595	10044.228807468304	675
116	-48.37730093674835	10020.417291633234	182
117	79.43930267401602	42.9268812829595	2000
118	-0.7108626244558423	10042.521640767753	290
119	-40.647399519964466	10021.838590254103	224
120	-5.645631334672842	10030.12392860739	358
121	-79.72091770022145	10014.116234801288	303
122	-79.08035574063194	10007.0067819946	169
123	18.749544792409168	10047.405107346614	388
124	70.9741956668588	10069.159922903058	513
125	171.0386718996407	10104.052833491149	1169
126	317.8446242948163	121.34175982022819	965
127	-57.188688917004136	10017.256699939206	166
128	15.355982325619308	10047.930363292102	357
129	135.68476574312723	10084.895424739736	764
130	311.8309267799051	99.10518782622987	1175
131	319.3912763918559	113.95290847469433	1021
132	-36.907900763587115	10020.611398595243	261
133	314.9991605352295	103.66124666207787	1090
134	317.53869543030083	104.30452318153807	1087
135	318.3427325360037	110.96747837318102	1030
136	178.77769638417527	10101.03152096202	868
137	319.20987362678034	113.00691591651818	997
138	316.15341123027673	108.30583779299883	1037
139	136.99730872191833	10088.479427488543	728
140	138.72817940570565	10090.719414690251	708
141	320.2329763235422	118.48446605982697	963
142	319.4972206772267	117.98477624135984	973
143	320.2261206365283	114.66556826073959	998
144	321.843739409185	127.75656601227956	891
145	321.02600422341027	120.14236057037293	933
146	-73.792576458703	10010.296170319065	163
147	321.4386941750403	126.9345987396533	908
148	321.5840420304634	132.65196074444975	852
149	320.43953978890676	122.93577140578843	920
150	321.2352857592233	132.1004039138776	859
151	321.1230489470711	123.59113616692208	906
152	137.14340198719867	10095.946751710366	672
153	50.5961924160454	10064.633968877592	444
154	319.33955012786146	137.5662232240376	855
155	317.5288492924272	128.13204640034948	917
156	322.35453627664765	139.97954820335463	808
157	317.3116977411224	121.27488999125484	929
158	318.6659745388383	127.26864994599363	891
159	50.834833482506525	10055.973297747509	498
160	192.6276911683612	10116.479069604222	840
161	317.70174504972164	115.76031423965716	965
162	321.2218208555952	127.857681648741	873
163	319.03749690405607	120.86517623241127	922
164	319.4965620526527	125.9121138166605	892
165	175.16505139837818	10106.585546577186	812
166	322.01061195585066	137.144747994197	842
167	117.35406796652308	10090.75474370855	634
168	-88.75255668741053	10003.155358034399	101
169	165.61355289104887	10109.242940105294	722
170	317.8259869794589	124.25879077759673	922
171	103.22844560211769	10082.705613170829	603
172	103.41128054666967	10088.845339585874	589
173	319.1323966279869	131.73786204044575	856
174	194.25835846168314	10120.126424753389	832
175	321.8982778128437	129.6262504224691	879
176	322.70570093954757	133.8346241094231	847
177	316.8744312956323	122.03103197840808	950
178	18.87936039553091	10046.92453061253	368
179	5.553019299530973	10046.498912812602	316
180	319.30421452600285	123.58755375913576	937
181	322.8246312511965	134.24489436146723	863
182	319.46739723073534	124.66659056697472	923
183	318.49757974379406	128.37761902547135	900
184	317.513976815007	120.27503921207494	980
185	316.82717139867503	128.21593021623275	961
186	319.9817246243427	129.86669589896917	890
187	168.89585836844816	10105.459923626986	800
188	320.0895468459278	133.76541221328122	870
189	318.29262509428133	129.87383115476663	896
190	51.68969954777057	10063.252319838155	453
191	316.4952903323588	132.2203917154419	880
192	312.51627883349545	133.18495868462657	900
193	317.16061831217155	131.459973956708	918
194	316.95554793201643	128.3020496731724	898
195	316.68534412756924	123.61144370030019	938
196	317.47265607826284	124.43749427691101	919
197	70.2490097040021	10073.569974042743	586
198	322.00744165635086	134.8805679483347	856
199	319.9770482013485	130.642458864333	894
200	102.62298558509767	10079.5936563259	630
201	321.09121170088537	131.79817231151426	881
202	321.7770444002874	136.05831880984337	859
203	320.9090746130911	132.3976938003005	874
204	321.7770076620779	134.92734607030144	866
205	320.5951650691554	131.55507224802415	874
206	322.33481110501646	134.36225770359005	866
207	319.5699258758608	131.94218538479052	877
208	321.5057415691262	133.30886105470253	858
209	320.4411653811718	133.10590144080632	873
210	318.13561287767527	121.9325018093979	942
211	321.91733453798406	130.87527868107315	883
212	320.7605913441591	130.22090926377814	875
213	323.28429421766197	135.2769501814731	851
214	322.5562152695964	134.7790006497206	864
215	321.9073390301625	139.53459773169772	840
216	322.441939436599	137.19977190164187	843
217	-114.369076987031	10004.86979570522	68
218	320.62921516153085	128.51129948916684	881
219	321.63180722091255	130.1336848474249	881
220	321.86904255775426	133.96044679095652	868
221	321.5735924293595	129.97104030627668	883
222	321.8895430475593	134.21157830320973	855
223	166.3423196734165	10112.1997430867	719
224	321.5526492045474	141.0496034022221	856
225	318.72048177984055	137.57719501171943	883
226	317.91900720028514	132.1441514983232	942
227	315.3297028805525	128.60422227063626	971
228	319.21263477533665	139.30290545187393	878
229	313.8034491253291	124.84602541944457	1006
230	313.96953724538184	127.20554465869418	980
231	48.19354850036393	10066.07273787646	429
232	321.1987591814496	134.83316535195667	878
233	321.83573510312533	142.73951093462884	844
234	323.26838179454285	139.3163400843591	825
235	324.8575900133983	142.26164222511082	805
236	325.7383442729897	141.25323862019465	810
237	323.467689790005	139.50370687877748	827
238	323.8133546435443	139.5158171355446	817
239	323.90872311458463	139.6146239892433	828
240	325.0953624893538	140.62791757628287	815
241	325.2799016338624	143.9162794459626	802
242	323.0086299811006	143.51347173087387	824
243	325.3377496186551	148.48903247407637	769
244	322.93034089696124	141.52910387849477	815
245	324.74140924564955	141.4913408496189	813
246	324.1644137284873	139.90519010380353	834
247	323.53182868092154	138.5574418845633	820
248	324.04578616573696	138.64409303999747	844
249	325.33934152374604	140.453271652774	813
250	325.97372429243984	144.39041453783878	789
251	323.1877539093865	137.47434092382426	850
252	324.8295240391938	144.98842365483605	785
253	324.2114908886556	141.20656615625688	829
254	323.5098121511951	141.15447330506333	800
255	322.9894061400666	138.7029615161307	860
256	324.87909385783314	138.98209622931464	838
257	322.97173172830867	141.54573853159863	847
258	324.89927063530735	140.98943162702435	805
259	325.67993402298526	144.75341878436427	790
260	324.55634607723806	141.833125525145	809
261	323.8142198996557	141.40190033784137	811
262	322.4411284258754	136.51929349058852	876
263	325.2348983106862	144.3391974363903	791
264	321.8264224411587	136.00878461344476	859
265	323.95485764534385	140.9363331582217	839
266	323.4902023326783	139.52155628491246	842
267	323.660692002995	140.21055607206586	834
268	324.141116648665	138.76706393727028	824
269	324.76104383879004	141.84176075945047	810
270	324.9540465290768	141.30625729257522	809
271	205.4202261722529	10128.135403063261	826
272	326.26307701771157	152.59551676728492	771
273	325.5915746790868	147.83055041965267	789
274	325.80782342537407	146.38599129824598	807
275	324.98110405131183	146.1841190681715	797
276	326.6714478170624	151.8504031673194	771
277	325.0552425863799	149.40814489855157	784
278	325.13242560401034	149.50501393541313	783
279	324.23487012036765	146.01319295175682	802
280	322.7582632247293	145.30813528757795	809
281	324.44158261637403	145.49378983498724	800
282	326.6822553935664	149.3556078911055	784
283	322.9620650655612	143.9072083449582	819
284	326.13054239497615	151.16208201304337	768
285	323.9075841136711	146.15272912957082	798
286	325.08407638383756	147.49858644984477	787
287	324.9748196583854	150.48256432125098	780
288	326.3263908919377	148.47033018394544	781
289	324.5998399544412	142.78908599505024	812
290	158.03626255695923	10117.471890045632	639
291	324.57992342044656	146.32184864471392	807
292	327.1169765373868	152.15080469360555	791
293	325.7333678788524	146.23231835482287	794
294	326.023125227748	147.8156471223032	794
295	325.90011419319444	153.8254748152621	767
296	326.7019516366197	151.34371781420273	766
297	324.4578368252457	148.60873684085072	792
298	324.7033540417875	146.28580887946575	816
299	324.12605816383456	150.09158204499036	787
300	324.491434906321	149.37279431912984	772
301	327.62678477936043	152.24958473318156	765
302	324.827803050252	146.93209844665802	800
303	326.7528657715161	151.44591420896805	775
304	325.5184245097249	146.11098890483325	800
305	325.15983061952807	148.73908933459836	785
306	324.41983882459147	149.95477205504238	788
307	326.26867783266147	149.86598888035917	774
308	324.9800485060218	149.3591342474292	805
309	326.2301506211079	153.58799493884314	779
310	325.97548980692034	147.15588674711825	794
311	324.655558274398	145.48444191128934	818
312	325.32045253432386	147.54648490536135	791
313	323.82979888054206	144.43147201570994	814
314	325.6359779615448	147.07010436050132	790
315	325.02044005533253	148.22416132053792	790
316	325.6566616467912	150.69159971273308	771
317	325.6389425168325	152.44957101973318	769
318	326.2001485094615	151.45602978336004	773
319	324.81828112665454	145.96523204573282	803
320	324.38451766642413	146.5188424510313	791
321	326.2965059981358	150.04211900478066	773
322	325.7179455808191	148.10092860226953	784
323	326.60389836170356	149.94516301897755	780
324	326.7531980112887	149.00526295323465	786
325	326.4734367402258	150.17012500765006	776
326	325.44283899036793	148.64912561965906	792
327	326.67059372057025	149.43477107183065	785
328	325.3512833371738	147.8107913439485	795
329	326.3124013069959	153.13253015303016	771
330	326.2274677749083	150.01715079608894	771
331	325.8848336772417	151.3378300370771	783
332	325.9446454164201	148.16577670079056	791
333	324.8560606189106	147.63171071463992	796
334	325.583673096578	148.85458407024657	794
335	325.3295173836511	146.85862091929928	798
336	325.00498234709823	149.2393838944301	775
337	325.8230684454731	147.11851087107183	797
338	324.67451187607827	148.46597222693097	788
339	324.4535168892645	146.63452854047495	785
340	325.66645986355365	148.7333228042163	781
341	326.44247233202947	147.1246311495739	798
342	324.51571059846447	146.01602257392378	813
343	325.09714338048497	146.4589655528308	806
344	326.67180193135647	149.1128292100017	786
345	325.55374560105224	146.7080525748799	799
346	326.1768637018077	148.52215460677607	795
347	326.31989676410035	148.48965806957915	792
348	326.42306130260374	150.88439115916586	779
349	325.58016764148533	150.08841692738997	796
350	325.89483826774654	147.66595211007507	801
351	325.63445859466174	149.20779950676535	784
352	326.4690565804805	146.45834237522948	795
353	-17.147391044433547	10037.452824307264	251
354	324.8123531433032	142.2490709950392	807
355	324.26831554194484	139.4917617262845	830
356	325.4434487128937	145.904462985771	798
357	322.9703163735592	138.67764631165346	832
358	324.9637990618787	142.15911668932034	820
359	325.1847546054731	143.3303394625916	824
360	324.17720112926315	141.62950664894302	818
361	325.08080195258015	140.31590255536577	826
362	325.35177472534133	140.85390549094788	829
363	325.0117194318621	138.43976057881054	839
364	324.20576307191754	143.65409234668982	803
365	325.99418106888095	144.9528313636228	804
366	324.42934531196374	141.14539776611045	814
367	324.8303597343163	143.07019973438807	815
368	324.8187603544621	140.35687263450205	835
369	325.1850455637533	143.81133423274144	807
370	-100.40748659074275	10001.197383063745	55
371	325.4429728979373	145.13144667290675	795
372	324.6659362170889	143.6216236744004	803
373	326.9614111175481	146.96243770621078	788
374	-96.36356942350567	10001.657879373062	71
375	325.66282949696534	150.12252845224853	777
376	325.6808139658609	151.88284985952603	757
377	326.52810779520416	151.2171073164708	774
378	325.65707162433716	150.12178856590356	777
379	324.3724512948268	148.71613871293235	803
380	325.7181798390257	149.87028487557177	772
381	324.709629130582	149.3360503983426	770
382	326.93535340171775	155.87851960849494	759
383	324.7616630980045	144.96579086911981	802
384	326.36187480757553	151.69429647496017	767
385	327.2648246054115	152.967927493507	773
386	327.125363059826	152.38818314146246	768
387	326.28740753489404	152.09783486206226	763
388	325.69724971427206	149.9934687961663	773
389	326.98632390551984	152.70455474561408	764
390	326.15975857853374	151.7487413048655	770
391	325.986280542734	151.6734523114478	760
392	325.2582816186468	150.62425559588397	774
393	325.8383480425949	153.4531549456784	767
394	326.596590518985	149.96938168987305	780
395	325.52866805865864	152.39645435037406	784
396	324.1551001570832	150.45883136441043	789
397	326.15413614022293	149.5766103655418	782
398	323.91597174156396	147.87791374043047	800
399	324.78286791273416	149.80432453447787	771
400	326.19438256425735	153.67914542279487	759
401	326.1973795422397	152.81725282446638	764
402	326.00573778902924	150.30545401038935	771
403	325.0896888771297	151.5884972568996	789
404	326.9305936337866	154.41905474987675	763
405	324.9017074700015	149.65892441477652	784
406	326.67945300169794	152.0347866563493	771
407	325.62622694685564	150.8685054617805	774
408	325.882903220831	151.9299714007417	762
409	325.0431552553702	150.4176854676654	768
410	325.5591435837563	154.90468879486806	767
411	326.03865098397125	153.02450091482908	766
412	325.06216009696664	148.47582562299658	804
413	325.770847569883	149.8794204835468	793
414	325.33843390718494	151.39533286396224	786
415	326.10588483730896	151.62598741585828	778
416	324.2202390699629	146.52051523153472	789
417	324.640932062979	149.434019642109	776
418	325.5521187886497	149.91114574819963	778
419	325.8899277711469	149.48805913101538	772
420	327.3427972614965	154.7629043846617	756
421	326.3823035094502	150.10054461943494	777
422	323.4762114945125	152.0608298072137	787
423	326.9239540549214	156.68649317629084	769
424	326.12235712141825	153.39837813780696	764
425	325.7469794792051	150.09546100579269	780
426	325.71738672776013	146.75570321782502	789
427	326.3513864701097	151.91159675767133	779
428	325.9139089429877	150.5852401123024	766
429	325.8044037521621	151.07506485577397	775
430	324.99302664271124	149.1143473585219	780
431	326.4309927219656	151.6138109797529	775
432	326.9607434294224	152.27847951284244	772
433	325.2731481121737	148.61165196459388	778
434	326.2556659626655	151.00886825220581	769
435	325.4004524693519	148.89935088347306	790
436	324.44888670380413	150.0878355088339	802
437	326.14676348197685	150.67198484373327	773
438	324.60837810852007	148.06447950707147	805
439	325.7282075857281	153.23717710637948	762
440	326.2212595601586	153.34522063348436	759
441	326.90890753499946	156.681678514115	747
442	326.94349759007883	151.68399108079353	767
443	325.36534283704754	150.14486632259948	764
444	324.8149660976783	151.20294280653167	766
445	192.93874724227652	10135.439843131771	714
446	324.43115744275144	148.07744084366786	794
447	323.7999375563783	151.7639310086674	783
448	325.3110744016505	151.6430672938767	778
449	324.3980220605073	141.0956713316252	835
450	325.20140176521767	147.05575361327655	805
451	326.5541557818727	152.60822665727844	773
452	325.2451843276579	148.39580980149265	790
453	324.8288745380325	145.4074827858575	802
454	324.8334596500617	149.09628847324169	797
455	325.552115186906	149.07667851482591	778
456	324.7665730392569	145.8724107972125	809
457	324.58513148739644	141.90773210339523	832
458	322.4754784813944	144.54486339575925	834
459	326.55619087147943	151.78360590244577	777
460	324.6749962651218	147.5773099168362	795
461	324.0792144892445	142.84474090154748	831
462	325.0868951660728	147.61942014373415	795
463	326.39778104698735	150.743853083048	786
464	324.2256690622405	147.10640063637962	812
465	325.2403013305078	151.76541929611213	770
466	324.21096357380395	148.01103989642326	790
467	325.3590859869804	151.96808587367033	775
468	325.56607179508353	149.1542796143301	776
469	324.83923451677884	145.85320013491233	809
470	325.0759099518108	150.23506417994997	788
471	324.10693146622094	146.27015139519156	799
472	325.4383950723306	150.3682760048755	770
473	323.67556526392514	142.70844200024	822
474	322.5818007527398	143.58006200894027	826
475	324.42907925185364	145.97303803434008	815
476	323.2055765165952	144.65354234168825	820
477	325.50264239290135	150.7013463949704	789
478	324.6778005344279	142.62874153552616	834
479	325.5973633935013	153.10934977905004	771
480	325.26291103174947	149.23262850371563	790
481	324.3102206099542	147.62003011768417	802
482	323.9126215199105	145.07443790640252	811
483	323.8780104916703	149.71602194148394	800
484	324.20964393754724	145.99218742311282	816
485	322.1748443825324	148.13299283484704	804
486	323.8508954405598	147.27035383831546	797
487	324.5415606912894	146.66720331229442	807
488	324.13814754778684	143.31385709867965	807
489	324.7140315671992	148.92432701181934	791
490	324.9848082734908	147.5891039335844	804
491	324.7672807512264	148.42558547130184	797
492	324.483539839115	146.90882662394847	806
493	325.1861240446473	147.06671127448232	802
494	325.04707220929396	147.2861507808653	797
495	324.5169423301798	149.75557194567506	789
496	324.7829410993336	149.79970051720665	788
497	325.828595575262	150.61745148209457	773
498	324.6238240524639	147.5292075166891	782
499	325.3842075412135	150.35798431263228	788
500	323.7924630144501	142.61770841300753	824
501	324.95707650134386	150.18471210395987	787
502	325.2407919270986	149.14407858505035	786
503	325.6699976600355	148.47495181633053	806
504	324.9200157434563	148.96730229057843	795
505	325.8994456798585	151.43525978048928	771
506	324.79483171019655	152.2394897104038	764
507	325.10155875516347	148.1100773218625	794
508	324.1607364643574	149.02188462394722	794
509	324.68450878083246	148.30695222298965	792
510	324.4729930617057	150.24924793676462	798
511	324.9064569827325	147.60177333546164	788
512	324.12629111414435	142.2815321001644	829
513	325.2454046466413	148.12790925102993	803
514	326.5376515194891	150.0525727873619	781
515	325.1499241378507	148.834830145941	792
516	324.94640087137515	150.5921927112896	791
517	324.57544565655195	150.3081660205997	795
518	325.9162902475595	150.65951071791827	788
519	325.18383499955894	146.81910602451808	807
520	323.9913484715201	147.41786109476348	803
521	325.0436978030812	149.44657427611423	790
522	323.9496999844505	145.49838170927495	808
523	325.64552386499713	150.7749314609067	781
524	324.8059163932042	153.39590483442788	768
525	326.0130604694531	152.13178377497158	786
526	323.0639723996023	144.25654786240958	832
527	325.3762388718941	152.2014923997456	777
528	324.14873633765427	145.45012356334294	815
529	323.5454830211548	143.95951595709482	818
530	323.53817507178	150.6083358855592	801
531	324.16752800450286	147.27395617058107	801
532	325.51531554114615	149.8841636671782	790
533	324.06164808087834	152.1536283601699	792
534	324.1862216672734	143.14093081093168	826
535	325.031979536588	147.6506714287611	796
536	325.2161028958786	146.53434786921017	793
537	324.473532528301	147.39751071143368	805
538	325.4067580463452	152.69786267936792	774
539	323.96912375757756	148.88072092038158	781
540	324.0982216045489	148.55087033719198	802
541	323.93504205885336	150.48716818291024	797
542	324.1471501504344	146.994085391653	804
543	324.6271652200719	145.88005771757435	804
544	323.7125371899311	148.77074113358228	795
545	325.1960384225449	147.91538107832545	797
546	324.45443484434753	149.9776360779875	795
547	324.88262091632174	143.6911650712969	813
548	324.8069054326634	145.22993489232567	807
549	324.6295185158862	149.38548384036454	795
550	324.07838311138033	147.39359561104246	803
551	324.34404298077595	145.91396462798934	798
552	325.0376469922897	146.30618175245425	809
553	324.623043292008	148.55951893509913	788
554	324.3428500563769	143.9269806268142	814
555	325.5402831117324	152.33609055054896	781
556	322.8006108544444	145.25195081766657	816
557	324.8095672745109	147.08008393049002	811
558	325.6624614783817	152.78587464497116	775
559	324.1621268143577	146.89579122157556	804
560	325.33033854291193	147.82385305099362	803
561	325.34529865963293	152.5942495646153	778
562	324.8398996690223	150.04843796372398	795
563	324.6442401056696	146.23962509172503	801
564	324.6573199986133	150.05830005787314	795
565	325.5723182863084	151.54347682853782	771
566	324.4002853373143	145.460264475497	811
567	325.2056478943786	151.3893174125642	796
568	323.9895171819245	149.34843605796206	808
569	324.38694435730844	147.2649858181622	795
570	324.8001769242128	148.57261030715813	788
571	325.9149356888257	148.26499352762815	789
572	325.3838375182028	149.96982502574306	795
573	325.5132657609623	151.01028718429777	784
574	325.06101846905824	147.37096991702873	797
575	325.0748213200694	150.47344791714914	792
576	324.11874486195234	150.07964631858619	787
577	324.6598068427965	149.58479035717866	802
578	325.439780727917	149.73768506959337	775
579	324.91979646720404	150.32008960210715	788
580	323.27049004858725	143.04417610175443	823
581	324.1233438864362	149.5451065298171	792
582	325.9086249117693	155.00293808820268	764
583	325.48606226207147	149.57497518718225	790
584	325.28102376159757	146.97632203293605	790
585	324.8459068909308	148.80774930440197	797
586	325.71335643777047	149.6896381061455	784
587	324.48296857787693	144.42679391220926	802
588	324.8742009579988	148.11921358021988	808
589	325.862090390628	148.83582058157532	797
590	324.83903531728237	146.86704524235287	802
591	325.4127727090285	149.03565253292035	796
592	324.75574395560784	148.85389128222724	794
593	324.064252142215	143.4226961923262	827
594	326.19606998091876	150.99310401181194	784
595	325.09577651544976	149.08549276969117	779
596	325.20589965863667	147.56612009685287	797
597	323.82113140742257	146.46993776766388	807
598	324.00400230793275	147.30294602254057	812
599	325.03019115622743	150.12542556412666	789
600	325.07551904049785	145.84084865132775	798
601	325.16863587154774	148.23569069889294	800
602	326.397353946382	154.51175599401193	762
603	325.1536913371226	150.0670081774775	787
604	326.1608252922582	147.01698988804665	799
605	326.38260207572216	149.82192805151942	787
606	325.6786387659473	152.6762054037767	768
607	324.7065765913981	149.2925884955523	800
608	322.90646939912216	147.3539223162098	817
609	324.2126414606072	149.4025261948765	794
610	324.7552783564559	149.36919294255208	793
611	324.69786201049186	149.21816694299994	795
612	324.7428364358915	150.89645025766094	794
613	158.97316972857533	10115.350349279795	668
614	322.48961430148097	141.93368548607864	837
615	323.0458354674441	144.69515043267032	829
616	322.9482729538514	143.76604085048535	823
617	322.22115206106054	138.75292254917136	857
618	321.81517700501666	138.88941885731688	856
619	177.0635797255078	10120.896030015932	731
620	325.1974606491236	142.00515962145369	879
621	324.5051780936927	141.0526051530515	877
622	323.9423470522391	135.54696632465686	878
623	324.7592389217259	136.2328474658993	865
624	323.8734877182337	142.62206342921414	854
625	325.41821641153183	143.8140581968076	869
626	322.67843610267084	141.6599561265961	891
627	321.5747262194732	146.35358264420015	929
628	324.88224302119767	145.64458571642447	854
629	321.9141191950372	141.26648101259875	900
630	324.3862223832796	137.9763162042117	857
631	321.68727372993544	137.85352340480745	927
632	323.1879128921335	139.91220827529776	894
633	324.0220952686903	144.3145084818331	856
634	325.1590460723354	139.692189950489	871
635	321.7523949872425	144.36242694478656	886
636	324.4448933655761	142.65924698896941	856
637	323.39962150124853	137.19302988418818	896
638	322.618463977262	143.08485244764006	863
639	323.45881898969947	138.7436383736429	901
640	322.61549984666505	139.2849677998574	892
641	323.466361547335	139.0913300336388	861
642	325.58398196425793	141.34908772887266	845
643	324.63547517140853	141.4670547291675	876
644	322.0181335569491	146.11028907348896	911
645	324.7985141373018	140.65925264433642	855
646	324.05014530163896	144.92609435564248	854
647	324.8154002683686	138.22302263274437	848
648	323.44933833039295	138.672390150104	896
649	323.73354890433177	142.69830351546852	867
650	322.8682034225713	136.08759425200208	886
651	323.2317505336431	136.99022880248026	885
652	325.2028086516318	143.1428308806254	833
653	322.04314664376045	139.7974829869971	921
654	324.06561046357	150.00839757683974	831
655	321.8648318514863	141.0352222451168	894
656	324.38338192498594	141.24174410437266	868
657	324.3963644818797	143.49731279279638	851
658	319.71373817945516	143.23398883887305	983
659	323.7704722673727	140.10302702052738	889
660	324.79135371450354	142.56605815137868	871
661	325.23164607763255	139.74808060287077	862
662	323.5051257795348	132.28942735534238	906
663	321.3518949621812	148.4472551134431	883
664	117.62962580332842	10097.876945554703	584
665	322.82819401616393	128.5942574283566	916
666	324.19891278937735	138.49787552140867	870
667	320.41579097209916	131.48755672054656	973
668	321.9512388941676	130.98679188501112	926
669	322.33123629952854	127.00198988506035	903
670	320.8863755145463	126.1635027938551	914
671	322.8764104560618	132.25443050427535	949
672	321.7961688736946	129.18581245714188	935
673	322.96940216865204	129.78063112971486	924
674	322.12348939934583	127.1995948699815	941
675	320.9802510847709	121.52914597185703	942
676	323.08305229411116	130.57750628154204	890
677	323.74413032430016	131.1419275750761	884
678	322.6251690161078	130.74599205651964	908
679	323.52328392757676	135.1793436618712	866
680	321.8704196197634	130.15929337130376	911
681	321.4805348001103	128.53218543996033	945
682	320.10186579149257	126.20814418122278	966
683	323.8400766333056	134.15092147512732	868
684	321.6114030085945	133.9985888149838	926
685	321.57793568092586	122.74197751670405	951
686	324.0369817080332	131.47289363970032	887
687	319.20532652691213	129.2051833661848	984
688	322.236164400713	128.66308674314564	905
689	319.6043811025662	132.95971697887038	970
690	321.86073256074513	129.02967932220335	903
691	321.8300960813791	128.59524973451292	943
692	320.04678409327806	123.88254295721977	970
693	322.0323471704576	125.33300656486298	958
694	322.1522005596326	126.00327192131411	919
695	319.9683843170729	129.15693337055927	1004
696	321.4974357249634	124.96057243505679	927
697	323.23392418212273	132.47878719895152	894
698	319.72949229394266	127.71932459886189	978
699	323.3778779845472	136.47374772778383	890
700	324.09863071062864	136.2603667128387	890
701	322.4830608021865	139.49931978364393	896
702	321.818911178714	131.57896118716448	917
703	321.350500174132	125.15290319659307	924
704	321.7850027678209	130.96034576914437	920
705	317.5996930331198	124.18697288333946	1004
706	320.4658070841381	123.13250714729395	940
707	319.7383842638675	130.56336495594996	980
708	323.2226678202863	134.20634189788706	881
709	320.420065240063	133.22001412066305	969
710	322.8619892713207	129.71537896248867	984
711	319.85542119896104	120.02027903052623	958
712	322.3561287355934	126.35696640332073	928
713	323.594097742165	129.27007655250583	906
714	320.45613184315494	122.19998851199432	977
715	322.34810475316823	128.03535821091813	908
716	323.1101662111792	129.96098629023527	927
717	320.1597989589685	122.28687990616959	992
718	320.682374605878	133.70682916086437	923
719	320.65845257815164	124.93367453867471	960
720	323.14024424444005	130.88014262146874	885
721	324.3083920847834	142.3133621864978	868
722	318.4773720343797	121.437971750999	1018
723	323.15933197967706	132.6452181503439	973
724	321.29890455201445	128.7234541790131	944
725	320.2191692707621	129.4318947260629	1004
726	320.4559591286719	135.27955691307596	937
727	320.43502407454685	122.12864904876191	956
728	321.51685567311165	124.61894891840382	938
729	320.21894326800236	126.86987093227235	946
730	317.9287250073344	122.19913174756462	1017
731	323.5902199247617	136.2037605414499	855
732	324.96729267198793	140.43870945262285	848
733	316.6961461360805	125.19186216794033	1069
734	325.22346580278656	136.9836919524786	868
735	323.03691266865184	126.22668181378451	915
736	324.3803800062613	138.55210038605574	852
737	323.177429671693	133.03227319179862	876
738	322.5324376429903	128.16557078263983	903
739	322.00954685204755	124.5008387804024	930
740	322.2154995485498	135.49455132522914	914
741	318.510647355389	124.96987500634823	998
742	316.517309956016	123.1508399528847	1066
743	321.36280221194306	133.92172662303378	906
744	323.8750408340744	135.21758825912735	858
745	323.22027172521297	132.18956498183226	901
746	320.43729553582244	132.77756260992777	943
747	322.66904171540097	134.7142040946926	904
748	322.9553622775588	126.96461299399438	908
749	319.55586567648083	128.84132532323912	999
750	323.1746535615712	128.66358342354098	911
751	321.0374422696614	120.43100302472337	962
752	318.50142788089346	128.13286827256474	993
753	324.14362259504776	130.98154964732214	943
754	320.12869184748075	127.58785832754661	983
755	322.60244091798234	128.38566476027734	943
756	320.83842893951976	126.84459875981194	1008
757	319.8631743037539	123.77305919261904	964
758	315.61363339147135	136.04446575073203	1036
759	324.1652564366327	134.77314351301393	864
760	319.99314349497575	128.53628668262843	956
761	324.09539367791484	134.4129499991125	874
762	322.5166243500396	129.32746388409734	893
763	321.95848716817846	124.66569573455527	946
764	322.9112128959031	126.99466344233696	918
765	316.1555946248428	119.20891401624843	1031
766	320.96608706239954	131.92509644139338	959
767	321.7676774747107	127.92081032822628	918
768	321.71133325526773	129.96685301843792	924
769	323.57561498666837	131.24278174561303	893
770	323.02184659558395	128.3279075079723	907
771	324.0874741647509	137.47306545677438	913
772	320.566103858473	135.93468101781434	988
773	321.10622935503943	122.5022498898734	970
774	323.00545966594757	134.49414265618287	895
775	322.50931889902995	130.2873785090078	937
776	324.86960514451323	135.7499919596236	862
777	322.6053431962592	129.36205157580582	903
778	319.64455129582205	134.43643606030403	952
779	322.15306090720566	129.02766308715832	958
780	323.38465982907655	131.2643232164536	920
781	324.30525191467956	135.83901966554703	877
782	320.80710158015773	132.54554257130073	951
783	316.1050082997798	130.8552820868883	1118
784	320.8743411145801	123.89046816857696	957
785	322.46840080048594	132.1276936508201	919
786	320.86084991245383	134.26513853094474	944
787	322.62855107064314	132.34613374691315	885
788	320.6606667311438	134.95399136163905	950
789	324.7363264078607	134.7097314963098	869
790	319.5703097204062	131.625594631883	974
791	320.00345597982397	121.25605300991589	969
792	320.9955149677157	130.98669162553622	927
793	322.0642553409184	136.20335410669455	910
794	323.09306328176893	131.90694394379648	898
795	322.86337527463655	131.85778182608658	893
796	322.8758803131774	129.42971354847936	902
797	322.9714868191213	131.0773477097552	895
798	320.3868108988195	123.92250503681603	978
799	319.20556802947425	122.45436254410802	1005
800	323.4799405930253	135.42310772334642	876
801	323.6502339939933	132.4314938279007	883
802	319.12749129743685	120.78919959062695	987
803	317.7089632075879	120.05062798431076	1031
804	324.29994220831674	138.47673902394385	845
805	320.0587208190927	121.86560885444534	962
806	320.9536569356465	131.3593972146448	941
807	325.4322315165749	141.71364112965836	839
808	323.10561142102677	133.26209929648994	903
809	323.9540185142515	132.7813458954393	899
810	322.28142113637307	133.6814831386891	905
811	323.169815648666	132.45174398127634	889
812	320.3353060082887	132.6015603066699	961
813	322.1277675107084	126.72013481250507	925
814	319.679030206449	127.12981232715816	990
815	323.3444942135238	129.32109873309747	897
816	321.2667620661552	131.81782163766093	936
817	321.3304372278608	125.98420741721444	927
818	322.65206387020385	128.37439029918204	895
819	324.264072456039	131.9668949721241	897
820	322.67444059768957	127.48134882784089	916
821	320.5582763194939	124.98885880479065	953
822	321.2576051908727	123.004794894571	935
823	321.8976405643299	136.9948206899371	912
824	320.2741651486358	132.98179135109729	946
825	320.4295031580779	129.5396268702419	944
826	321.12386927601955	122.91969218360246	937
827	321.23317217849086	134.69111173089232	930
828	323.73890743851393	134.25797314411724	867
829	322.18974667104254	126.97489748180173	917
830	320.16385181058484	132.18914188618558	937
831	317.7902755353414	122.3078475661849	1025
832	322.61638315400484	131.28707631288827	888
833	318.84136171071907	122.32057478752472	986
834	320.01562519859567	128.97860699037565	984
835	320.7825870194028	131.76070408017293	949
836	322.30604617335797	133.0459561886214	937
837	321.3054597868381	130.225258216012	921
838	323.69741879962413	133.27038288380655	881
839	319.3610387810119	122.21931289998093	986
840	319.67691039507014	117.97110086530634	984
841	323.257040850074	132.2149017773944	893
842	320.525794978203	125.08690079593269	943
843	323.4092445832229	133.06641534959627	889
844	324.29944536478575	136.77222779499766	848
845	322.4877868609475	134.3162578833103	889
846	323.35524471790103	131.27337754023728	894
847	317.41886586025265	125.19252385693656	1004
848	-124.95428830643195	10009.689760496445	123
849	323.6802900920597	129.8204356307507	869
850	323.800611201832	130.50943540808987	864
851	322.01682091745147	135.64341753093458	842
852	322.87430402922524	134.7241750321208	839
853	323.04635436147333	133.82679197382802	840
854	321.2141336251423	128.72391992892102	881
855	138.50096535208317	10096.85825077677	656
856	323.18967690306465	134.33263676650662	833
857	322.8907762355096	133.1848050312853	850
858	323.16057272781165	134.84617605186182	828
859	322.96828704578	134.53329978962597	832
860	323.72547678884087	135.16345482204093	836
861	321.8515815284398	128.5822845569225	873
862	322.434808031903	132.9980315073652	844
863	322.83107513269044	133.66361532700645	843
864	322.7179877052399	134.28012955045756	844
865	322.32878434847356	132.2735591417008	858
866	322.18613290597784	130.4198547979271	866
867	322.5113775302421	134.51855697115602	840
868	322.88809669316316	133.82292775859162	847
869	322.27877130161147	131.3124966599142	850
870	322.8943562593869	133.0838950189438	840
871	322.56248780021446	131.47128586535504	850
872	321.78985998872923	131.7373951845299	862
873	322.413906156781	128.71641188079235	873
874	321.8175455631152	128.19561135336158	870
875	321.4127364338566	128.76286983822718	879
876	323.5517651062753	133.01654751464108	849
877	322.50248883284644	128.45893357192676	872
878	320.9315457591569	126.59303960227992	885
879	322.8293940523765	132.86722184152006	844
880	321.4993649122892	133.6837146434003	850
881	321.82305281252025	131.69727821112275	844
882	322.70141479537097	133.93398812000808	838
883	322.575454611923	133.34435165026935	839
884	321.96100116988674	126.76030797613308	884
885	322.0967308876177	133.53942961189856	837
886	323.27376454481634	134.8915978679329	830
887	322.50245984724125	132.38906842345432	844
888	323.22262173912924	134.92902302183745	830
889	322.535495594167	127.82352138985534	874
890	323.40707049836396	132.86888823946316	846
891	323.10004941909557	135.100523122454	830
892	322.3769279792259	134.74774068836246	830
893	322.071165247027	132.0743429880531	848
894	322.55581651636413	132.62662798347637	843
895	322.38179434102227	130.6860422054632	853
896	323.05906545829714	134.33318727586123	831
897	322.42942543749336	130.24832078154876	855
898	322.5364955183973	133.8825181855301	842
899	322.72718447067206	130.97809462536367	859
900	322.9959507724367	132.0815071006059	846
901	322.152110881019	134.9283073928122	835
902	322.7006275336462	132.38511438159705	848
903	322.4857757620509	132.9851351653065	841
904	321.86204565501873	127.9071636020018	873
905	322.4806047033723	132.1172744263457	847
906	323.4786458726547	132.09135587458337	854
907	322.87226892812873	131.92364450503183	850
908	322.90235917341835	133.71327956622966	836
909	322.60195346646185	132.78116272015976	839
910	323.12071958376356	132.14180346630636	847
911	321.8883268950281	131.7612763375988	846
912	322.76237986954334	136.39940338930913	821
913	321.944434833109	130.4967023293742	854
914	321.9807112656824	133.32747436582946	848
915	321.46378889398915	128.1033387173932	881
916	322.83167210147275	134.80595160794408	838
917	322.7653959094003	132.41960484489368	856
918	322.52503349537955	133.11389062788595	835
919	321.6096352751987	131.78008325678846	846
920	322.33919517528307	133.54108054336095	842
921	321.0086749326661	128.88375434263236	874
922	321.69288162907844	131.27237882810684	858
923	322.39881229337266	127.69690101337625	873
924	323.16197251944715	134.07058870660006	836
925	322.39747852157564	132.91344142980506	845
926	321.76941463469984	131.04635762414125	858
927	321.37936235132474	129.32932347062524	869
928	323.04746598052964	132.25973910517473	844
929	322.50856348136614	133.76000463575187	834
930	323.2666431896488	134.99205996568094	840
931	323.4300794355027	131.10776631775443	858
932	321.93356361603134	131.47931645781156	845
933	321.74544876004387	132.43768304949776	856
934	-102.27431806132194	5.334187136562713	2000
935	322.5897753369152	133.16531173105327	844
936	323.26210286613116	132.47440799573852	856
937	324.2899869208522	135.61191950475046	840
938	323.4584531204238	134.1587615154705	841
939	322.6626911472021	132.66224508081564	849
940	323.18841956070264	133.6818230754767	844
941	322.91671685374496	128.00304973269297	877
942	324.3613858349593	143.40730272191354	797
943	323.120748688837	134.9446340057997	837
944	323.9859059551101	134.82378100043877	836
945	323.49207875947263	134.58194949603006	839
946	324.17243983395144	137.14601898414233	831
947	322.4583935437591	132.8904600044972	844
948	323.88487727501575	136.13689774793582	831
949	323.61111209120475	135.27462685654785	833
950	322.6195978294896	131.67997276995047	854
951	323.8583411269963	135.23297538462862	836
952	324.44550651514714	140.8549886059193	807
953	323.0278287478637	133.8843974069211	840
954	323.64324926262054	135.84536545280534	832
955	324.7801038562166	139.82379002978595	818
956	323.4730374563257	134.65847445788168	841
957	324.65114158888906	139.5326288477693	815
958	322.30297762216395	133.86629442148083	842
959	322.95445003289524	134.62543664026427	842
960	322.2493727101341	130.3380984747401	866
961	324.39219165117237	136.85948175454055	828
962	324.5874180472783	136.81797592735714	832
963	323.2662809382211	133.64768383910877	845
964	324.284746681353	139.86614878573351	810
965	325.164784090343	140.41666292950174	815
966	323.1911102607964	135.27535805904765	839
967	323.70493849837106	136.96958967769757	826
968	322.9227545170253	135.15852130922764	836
969	324.66999962849724	141.3127663895312	806
970	323.348346307048	130.59482622990961	865
971	324.0677479257643	136.3309499771427	841
972	323.2329000949118	132.17474898923166	852
973	324.6447181495202	141.1251358182871	807
974	323.68692482404987	135.42106855094687	842
975	322.25612567975924	130.43644385054586	864
976	323.43455362556415	140.34427878278655	806
977	323.3691887122392	136.22515129676873	831
978	322.9322740755408	133.17251383392014	847
979	322.6003054216901	131.79438357166148	858
980	322.2588037634164	129.96684001326915	870
981	322.7605974226414	134.80924156072592	832
982	323.94708124369845	134.4935584867535	843
983	321.6123613584271	127.99349217968361	883
984	322.9664275220041	129.40807571113567	873
985	321.43633272336433	128.66308166251517	869
986	322.9609075336903	133.82892171610789	846
987	322.4602115517474	132.44240063328897	853
988	323.59606410910504	131.44746296960614	864
989	324.62178842090657	142.18417146947928	800
990	323.0225128859651	132.40548171840004	853
991	322.6828840649587	132.3491531187828	852
992	323.8283011193178	139.1943736504215	818
993	322.6498455759368	134.40107628462675	841
994	323.4635831338944	133.49689963381783	846
995	323.66210474095783	136.76992119831942	829
996	323.8775983339473	135.51201040731414	841
997	324.5243591299933	135.65890338013662	838
998	324.0859181817418	135.13309921171722	839
999	322.92032694161117	135.39816487866426	843
1000	323.40566310548644	133.47872004130525	844
1001	322.8108884233547	127.90691698729928	881
1002	322.8217984482501	134.43080693618074	844
1003	323.3583736306718	135.40777453474374	836
1004	323.0527151003009	134.3102192093876	838
1005	323.27228451496563	134.1609285442715	845
1006	322.60487446754644	131.8047682534527	867
1007	322.9179994315406	133.20079076252898	847
1008	323.94988588565263	136.80703296160294	837
1009	323.1202821371565	135.08321466660524	836
1010	325.34022357839746	140.8927056376565	809
1011	321.27472347987475	125.68847671056757	898
1012	321.78576885185197	126.85664343523277	883
1013	323.2463162211017	133.08996631643453	851
1014	324.4054202408055	137.46023439354167	830
1015	321.7904136412401	128.9900040139648	872
1016	324.0452570164173	137.02170875555856	828
1017	322.5151328523407	132.85166282240417	852
1018	323.8585257284811	135.94290519057887	834
1019	323.0759012245259	133.95593160445125	842
1020	323.8575570552154	142.0559275375984	799
1021	323.36270071394995	134.90645899839282	842
1022	322.7034451797449	130.0868331770192	867
1023	322.5029720215068	133.5355619917327	841
1024	323.05288297274336	134.47771698255593	839
1025	323.78801881540363	135.7390583101719	832
1026	323.24597328158103	137.02334722058646	825
1027	324.2420785986181	140.0827108139963	813
1028	323.3681983192884	133.5683221260903	854
1029	322.1062566924038	131.78523892276036	863
1030	323.05348333819325	133.80302767074423	849
1031	323.54596177805877	136.64539369411565	831
1032	323.61882946556733	131.81802241837025	857
1033	323.1042267727668	134.91682425809338	835
1034	323.7498758311179	135.32159488673375	836
1035	323.6352979691108	136.4221565151176	828
1036	322.8767819211886	131.66309150292005	859
1037	322.81303021884617	132.09088274416305	856
1038	323.6240793269375	133.81514816418436	848
1039	323.16302395050656	131.98474674057948	857
1040	323.2661127111477	134.56731236328596	839
1041	323.67284032275285	134.175057034422	842
1042	324.47541613780857	136.1934243406965	836
1043	323.58927729961493	135.06914038465578	833
1044	322.4932536415804	130.3983525119724	864
1045	323.4842228583866	134.31745681500294	843
1046	323.777483787734	135.40576864058337	835
1047	322.2540610848333	132.33456354687956	849
1048	324.6007199738792	138.1908507719231	825
1049	323.64967771142454	135.75597905202702	832
1050	324.2461686087855	135.720029594233	833
1051	323.026959005	136.15979892068998	832
1052	322.5118098461214	132.59559624514563	848
1053	322.67257377749087	134.41541033149318	843
1054	323.60805950165894	133.77083464285005	847
1055	323.91286406928117	135.16108875530412	841
1056	322.86699495605893	131.32923922850904	858
1057	322.6420394032803	131.22825477866934	860
1058	324.46199210238314	138.57979621094248	819
1059	323.5476614378693	138.34839781015705	821
1060	323.8087529093357	136.03322505470027	837
1061	323.6981620053606	135.05029737994997	837
1062	321.3514068609717	127.87294237491011	881
1063	159.33315471880496	10105.265931276854	719
1064	323.26031080701506	128.813299161884	874
1065	322.8089799832103	130.64452451590662	871
1066	322.6071407368169	128.5140764119998	875
1067	321.1074462818976	124.93389757096995	898
1068	322.7540250456992	128.03445285012936	877
1069	322.4596178190358	127.5160744226803	883
1070	323.4280988425176	131.84700913579914	850
1071	322.81485239155677	127.85815115786592	879
1072	323.12496061411474	128.80168071889466	868
1073	323.1436167199902	128.3034825939559	879
1074	323.1131138409981	125.13143237276655	902
1075	321.69922929576535	124.86077780461447	905
1076	322.457489663327	125.79053463682018	889
1077	322.819049056656	131.3472341489804	859
1078	322.0791655566733	124.49754345308008	904
1079	323.90959083698016	131.66271114635109	855
1080	323.2037241408771	126.39867136564322	892
1081	322.7563237378427	128.34666432008262	878
1082	321.94775970834706	129.51321352969623	873
1083	322.3268672463374	128.75348260315573	874
1084	322.2678313751654	126.40114699670951	887
1085	323.06329034711797	126.57537628723111	885
1086	323.3647060240895	129.7027485021512	866
1087	323.3443564094369	131.3402973353141	863
1088	323.3581225713557	131.9167740421247	851
1089	323.30159034850254	128.69712073749585	874
1090	320.4314200810286	119.13455456076174	943
1091	323.73179150012845	130.67907109649616	866
1092	322.37103848997	126.04545549862523	894
1093	323.31072181545966	129.56251802833654	871
1094	322.828266327827	126.50222325266444	887
1095	322.33227161927414	128.64853788540407	869
1096	323.4111417816875	130.73171870723988	863
1097	323.13284627796224	129.4379012508199	876
1098	322.6664222020003	127.50618922898065	883
1099	322.489513881952	126.97468852079406	882
1100	322.5666599998282	128.74842015537843	873
1101	321.5965362477508	124.7918477227327	896
1102	322.9836108689305	128.05415270071484	877
1103	323.1431430401555	130.80613670319067	865
1104	321.6756247933517	124.69045561442061	898
1105	323.8111500869503	130.1773444410776	873
1106	323.93601285023954	130.38811230209913	869
1107	322.1552691696468	124.99699550943666	895
1108	322.47751819936127	129.22017962288564	870
1109	322.9831724993194	127.85391697229149	880
1110	322.91862053961603	127.7105374558657	883
1111	321.5784008747489	127.21789000778044	877
1112	322.8084221003539	128.54512928980745	871
1113	322.9068679556165	128.35063052651375	878
1114	323.04635848263393	127.70549901871787	877
1115	323.6380465497381	129.3131400690874	872
1116	321.6684146990079	125.10440164961263	900
1117	323.18125074542576	129.4499157067357	866
1118	323.0506886923144	128.51297827149583	874
1119	322.4921206011836	126.34643176840422	889
1120	321.90733086670804	124.33962247527447	905
1121	323.2105306105748	127.87700964926543	881
1122	322.9307819528424	128.00751372687714	880
1123	322.5530346301902	126.28581483753452	892
1124	323.8173731560181	129.95048988445035	866
1125	322.4558797249248	127.88964817191744	883
1126	322.0148920155101	122.96811621559304	905
1127	322.42206637375307	126.2767080408389	893
1128	321.6770610353838	123.31474675587906	917
1129	323.48807040248727	127.64180403240162	883
1130	322.09199622811155	128.26006634740833	879
1131	322.75108437184394	127.03402997257677	885
1132	323.30995357448217	130.5802244082667	862
1133	321.9464750499835	122.79679228233762	914
1134	322.0901892789257	127.81266820341773	876
1135	323.1946060902641	128.8253990558359	874
1136	323.3016199687886	130.33873459966432	869
1137	322.80527679070315	129.8928611924065	858
1138	322.5006603264682	127.42422124330545	876
1139	322.54366853871085	124.41193802046283	900
1140	323.61302053215655	129.99778618120556	868
1141	321.8595002163736	123.96724594477753	911
1142	322.62508828468185	127.61157540885787	880
1143	323.0878549264721	127.16917539258307	883
1144	322.8469727625866	128.2021933749926	876
1145	322.88680984183947	126.29925410753441	888
1146	322.85742075779126	129.34960405162397	867
1147	323.06353187383354	130.82628646722682	864
1148	322.0545178907854	126.63706118772471	886
1149	28.04652578784112	10047.287058888403	413
1150	317.85250848813035	114.62596506298487	975
1151	318.5651535309901	115.15005761369581	965
1152	319.1799670961123	115.70861199860819	958
1153	318.7148137292401	116.6611324311156	958
1154	318.73934334749833	115.71051504509371	969
1155	142.55233345404577	10086.329096296618	772
1156	-88.11240106688827	10005.450294230408	138
1157	321.4271260535171	127.37501931165107	892
1158	320.4988068044784	123.29239560999726	913
1159	319.15373270641095	122.3978470299269	917
1160	318.2696523291087	120.94911311918656	912
1161	320.4162746679818	125.60901097055752	888
1162	320.66885355614255	123.51230099932182	898
1163	320.73385022123387	121.27694064721663	913
1164	320.48262824423324	121.04932743928246	918
1165	319.76295472583286	121.5663883459226	917
1166	322.31093618731614	129.41892818606237	862
1167	123.32699810837323	10089.994491524834	616
1168	321.79752326344436	128.50490934755598	876
1169	321.3768185932492	122.85414562060899	922
1170	323.01993834293296	127.45720693450343	895
1171	322.2364897535342	124.41560699832233	904
1172	323.51416306121104	129.19171186590424	879
1173	322.5095160622147	125.58527338035351	898
1174	323.94429624192	131.18435357972174	881
1175	323.63715403858373	129.5517611507603	882
1176	322.992020114028	126.30893353824402	896
1177	321.99627841106457	123.81728264894475	914
1178	322.5218466126007	128.14638629441117	878
1179	323.80138351554365	130.91806763877338	872
1180	322.1899522177647	125.78957320836982	905
1181	323.1877747054327	126.85207281906291	894
1182	321.5747053676454	122.67663978929163	914
1183	322.53177503294313	128.0571282277424	887
1184	322.6143857460432	128.75318020540777	885
1185	323.3739192792749	126.90998270381908	900
1186	323.7052508696779	130.51434072284147	867
1187	321.3282458842262	121.740028840646	918
1188	321.83725466963045	124.47259427726692	913
1189	321.90454605522183	125.31521616612099	909
1190	323.10077707409914	130.7207680904046	871
1191	322.29148847223155	129.3634319758211	880
1192	322.0464459667185	127.44292079706707	893
1193	322.33077890137855	122.7745942424629	936
1194	322.4133764613012	128.62749780881043	877
1195	321.27335772692004	125.16157168902345	895
1196	322.3222215091672	125.16267049108113	906
1197	323.22020879753967	130.69677821660778	872
1198	320.8641370985185	125.66276993480548	919
1199	322.49141049375544	126.57130609265467	895
1200	324.13158586371014	129.26076846168223	885
1201	322.6564322352547	125.40320160207193	907
1202	322.3540571506895	125.34248386828784	911
1203	322.54288977341236	125.48521491182235	905
1204	321.83752792272105	127.36572990602431	897
1205	323.94160830837234	127.76895534529129	895
1206	322.8156130788	125.85692513944782	905
1207	321.95725642413515	128.94311959420594	879
1208	323.1724883294718	128.4994280931169	883
1209	323.24643417318435	130.71031544077465	867
1210	322.05761852616166	124.76261463711253	899
1211	323.8889643622625	132.96282317061176	860
1212	323.3431677595772	131.56821499465417	872
1213	322.86107405804387	128.66642209871677	885
1214	320.57824720620084	124.13571905405341	914
1215	323.54230343800174	129.41628593693332	886
1216	322.2522796874322	125.11048927034771	899
1217	323.1651109268617	127.6928824549422	887
1218	322.7696293023387	126.32169144607579	894
1219	322.67738492953595	126.59903728373997	895
1220	322.3546067706882	127.27449870952115	894
1221	320.4244031517823	123.01429722257653	921
1222	323.29768928648963	126.76041166723222	899
1223	322.89742686744097	127.19045276475543	899
1224	322.3675022011857	123.7051919645639	923
1225	322.78909994809413	125.94207134546755	904
1226	320.6163612949862	124.64485748369393	895
1227	322.58533454482364	124.52759183024205	912
1228	322.9299994201968	125.2555530739068	904
1229	322.7798851954844	128.1950463763611	884
1230	322.92445881478534	128.26880792498065	882
1231	322.2541628863156	124.82709074534151	903
1232	323.1490026155455	129.15410123770175	879
1233	321.6456539271868	125.27333975351804	898
1234	322.52045850942864	127.65525532186302	886
1235	322.1416814083927	128.26717987910783	894
1236	-86.71925060125228	10004.425870089697	120
1237	323.3960316825016	138.4613910662429	827
1238	323.6934483426144	140.6880663038771	817
1239	324.4755916903265	139.88628170621462	809
1240	324.01590353242943	137.14750563760884	821
1241	323.856217205397	136.1291048640716	828
1242	324.12880838767813	139.95078035443166	810
1243	323.96723191882535	137.42008337961545	825
1244	324.2730504237053	140.38112568514492	808
1245	324.0614080702276	141.64162596892342	801
1246	322.8846337806693	136.62566020477811	824
1247	323.6097097872588	136.82089777067037	824
1248	324.5865963843364	139.0431031042961	818
1249	324.35557301952355	138.08646042620288	824
1250	325.1335243180828	141.49844588343453	805
1251	324.03540104594987	138.73141783426905	815
1252	324.6209100656772	139.53521703018853	812
1253	325.5033718622154	143.33679111362713	796
1254	325.2517350607636	141.13999701245558	808
1255	323.3363679280461	139.96259051586696	814
1256	324.30658516031673	139.76934683994736	812
1257	324.38809810457604	135.51333380258154	839
1258	323.3540068872933	136.36157112252752	831
1259	325.82218952106473	143.7737659636396	790
1260	323.60384017061165	134.59365550568126	846
1261	325.3566591248338	141.45498268840134	808
1262	323.4039859354671	140.1148103397494	828
1263	324.11712334879337	137.75688685353734	826
1264	324.0583276779022	138.19015903126825	820
1265	324.3808970638739	138.6465838627161	820
1266	323.50630559164154	137.093263220605	825
1267	324.0249420646598	136.94174318107326	825
1268	325.02334561290166	139.6672278414308	827
1269	323.7079535569167	138.634830596564	820
1270	323.9851035003982	137.72360096692648	823
1271	325.0333724727295	141.12904518725446	813
1272	323.89429570135104	140.5649225987799	820
1273	325.2366884183826	141.25429627634372	806
1274	323.46123866755414	137.68706069121004	842
1275	323.79810758681975	137.6405510458048	822
1276	323.809697827612	139.560907241173	815
1277	323.2392046247482	142.46645342044445	796
1278	325.1086612155291	141.15714120609246	809
1279	323.3220254395221	134.71425113511836	834
1280	322.3174758306287	137.84689087084854	822
1281	324.3415941030807	137.80521131251933	821
1282	323.18044098282337	137.22891298504635	828
1283	323.59033070352876	134.85764624864515	841
1284	323.57637880477404	134.8108085740027	839
1285	322.82259219334946	134.15805407718653	842
1286	323.7767854229239	138.58754835969785	817
1287	324.643563138646	141.42836211285157	807
1288	324.34216093902967	139.05268178706146	816
1289	324.1616194368614	139.0032791542083	820
1290	323.30696388194946	135.57099684763784	835
1291	324.9974532792675	139.48315557279878	820
1292	323.93516884694304	141.03697689690043	805
1293	324.15554837934155	136.56715026338753	834
1294	324.0193318309537	138.4874298999924	824
1295	323.2020774437664	135.5000180619035	839
1296	323.9599203330773	140.17737308921386	809
1297	324.27089017732925	138.0246397589255	825
1298	323.1161540746913	135.8415664625571	828
1299	324.7682379413257	140.60739282697264	808
1300	323.80203042342663	137.28605449948435	819
1301	323.0095691591633	135.57688412808187	836
1302	324.30384498130906	136.3491278011055	831
1303	323.9207405262431	137.141985325295	828
1304	323.8541992352587	136.1773556737882	831
1305	323.716992481297	136.57105138471988	831
1306	324.4205621209221	139.07605781346047	814
1307	324.000348057799	136.20063423899555	830
1308	323.95277694376813	139.45675186572632	806
1309	324.1628420623232	137.71125705696286	821
1310	323.73225393622914	138.54551592269073	817
1311	324.61547739908167	138.3517483855944	821
1312	324.07416150732075	140.13392164457753	814
1313	323.40705589621547	135.9220433418143	830
1314	324.36559736173933	137.63705052750575	822
1315	323.41299007121455	136.14984347226948	831
1316	323.40054837712506	138.02835962131235	823
1317	323.12164195918945	136.31887777244424	832
1318	324.1606063955657	137.67460736353274	821
1319	324.2289523071899	135.33393851862834	836
1320	324.1273439597419	136.66712365209216	830
1321	324.747719717522	140.85403473323439	813
1322	323.3772242574635	136.3720967520671	829
1323	325.2368498373528	138.7690725043924	825
1324	323.87828803442505	137.47412636699298	833
1325	324.43623767662245	137.2931414104095	828
1326	324.40953321589467	140.63401708362832	805
1327	211.7206079987189	10132.06831097949	801
1328	322.73063299913287	133.2770693165114	857
1329	323.22855932416746	134.86748317447208	854
1330	323.3990182072402	134.92423971211127	844
1331	322.24482385417264	131.00458750106665	877
1332	323.4044974318769	135.4740335764445	845
1333	322.7382303655976	132.6513124917454	850
1334	323.00396149754806	134.69126119336835	856
1335	323.3650228379597	133.33945417808178	853
1336	322.1392799964672	133.82293325899943	855
1337	323.40219512807994	134.24227354076186	849
1338	323.93559535492176	138.0096434335246	835
1339	323.61058502307577	137.38327930873575	845
1340	321.7513589575708	134.33378130282583	851
1341	322.914414355272	133.83350936855308	839
1342	321.95416060225665	130.6090869642742	868
1343	323.88017876511236	137.70610665963255	827
1344	323.1998616235091	135.92513146185013	852
1345	323.47321571132915	135.68693492939056	840
1346	323.1233044452189	135.25684534020834	836
1347	322.64651989564715	134.44948737230504	845
1348	322.44974678766454	132.54225691974352	847
1349	322.9676253523777	135.08010929231096	860
1350	322.32199025146525	132.9514816450923	858
1351	321.56687766159496	130.50495048136088	870
1352	323.7684334554703	138.2202021303801	829
1353	322.33130706460895	132.26780557301515	861
1354	322.632446941347	130.69315663801876	870
1355	323.235960448041	135.20655020782124	850
1356	322.4736513574399	133.10299745965565	861
1357	321.9836902233209	132.2421369908524	862
1358	322.35535098684693	133.0719604564058	863
1359	323.17027185120014	134.8014906527544	842
1360	323.11054928454234	134.23326850883652	855
1361	323.4575612982802	135.9013833567676	849
1362	323.0764488374242	135.38404062508897	852
1363	323.2231981391611	137.36542714498378	837
1364	321.92053301619416	134.20398304687035	857
1365	323.0867523296836	134.00708666169606	848
1366	322.4883467395517	132.2693946539095	848
1367	322.3394223174979	136.43146633074477	839
1368	321.43673698613526	132.0828853344472	857
1369	322.7246824365412	135.02415273355334	840
1370	322.25797764479057	132.39789714128034	867
1371	322.5937828525625	135.11208575899963	840
1372	322.4697925046697	134.63881210614423	839
1373	322.33841939888924	130.3351074795756	875
1374	322.9380628716345	133.40894230131047	850
1375	322.0208777806789	133.56191547751467	853
1376	323.08672924077206	133.41729456058195	855
1377	322.6688770777544	132.14496643078144	852
1378	324.5815532681655	137.86990489613888	835
1379	322.98600088556475	133.51029021035518	844
1380	322.70689717198144	134.5197243987721	851
1381	322.9950699141879	134.34649861306926	858
1382	323.4123046330805	134.1082723765902	856
1383	323.55398038662764	134.16896229781707	853
1384	323.5664153150291	137.02488666943773	840
1385	322.5849402878585	132.6623745622724	853
1386	322.817411593962	134.09682229861374	851
1387	323.7124237684785	134.62003088179068	852
1388	323.39212405436865	133.38646398447634	854
1389	322.65315062463566	134.76667640115005	842
1390	322.5229589815242	133.05741592838848	855
1391	322.7878703425714	133.35612657871002	859
1392	323.7378600577367	136.25909754976902	848
1393	323.5042648544862	138.16752822931198	844
1394	322.3814203692639	134.24637707283608	836
1395	323.0032107568372	136.80784216061903	834
1396	323.3768878152028	135.29351586554685	840
1397	323.25349922808135	135.10154847894117	855
1398	323.53066380342284	134.28716760961981	856
1399	323.43901582238965	134.64119845366733	848
1400	322.9443754378442	136.60195760489137	840
1401	322.7679259448082	134.92447029385667	851
1402	322.47323323788976	132.1158628660375	861
1403	323.13729782491816	134.0063931915719	855
1404	323.30232097006797	135.4130678345358	854
1405	322.9258684350417	135.6084590869382	845
1406	323.24422500297925	134.01869642898802	856
1407	323.33127656713526	135.9945280293968	842
1408	323.79908947473376	134.88035178469985	856
1409	321.08631141369625	129.70305675920525	866
1410	322.85579525699194	132.93299800286232	851
1411	322.7095670672638	132.87101640327444	857
1412	321.97347220912496	132.4642778706263	864
1413	322.63349958193396	134.860468366216	854
1414	324.52967781062387	139.18219823687357	838
1415	323.30576859555555	134.58712551703246	849
1416	322.7613136200037	132.83375677827718	848
1417	323.22876776042176	136.97188578434069	841
1418	322.5036964351766	132.22181861160868	856
1419	322.634304898781	132.93857667866652	848
1420	322.49528434585375	134.9676429032945	851
1421	322.9022011237115	135.0244388047612	852
1422	323.2428530029733	135.20738638228656	838
1423	322.5288433088281	134.21092471144772	842
1424	322.78950700294985	134.6243396031431	856
1425	322.93991382745554	133.41298833257832	858
1426	322.39524988066773	132.44911645146888	862
1427	322.84565698618377	136.04942778112982	846
1428	322.5404638226821	133.3605453127048	847
1429	323.03442559542236	133.01260903994782	843
1430	323.0280868800434	135.57523976166885	842
1431	322.1103947384925	132.5206891927715	858
1432	322.54748925305904	134.95382191715635	853
1433	323.18278054444187	136.96919378152123	834
1434	323.59045207308367	138.38394407193738	829
1435	322.7793484826178	132.18636620385567	854
1436	322.86798345149305	136.50016493739813	834
1437	322.8379839295842	136.08990580652565	838
1438	323.455970249937	134.55185925238175	851
1439	323.02547927372257	134.35845248888415	841
1440	321.18911468134945	130.04086407184295	881
1441	321.72720218003667	133.3856927341328	859
1442	323.4123202885006	134.8638154694007	853
1443	323.5808695622701	136.55489494172974	827
1444	322.8666232499051	133.98132892698982	856
1445	322.3694689903367	134.28185128608885	850
1446	322.24984243023914	130.62222141822232	877
1447	323.0166115177043	136.2254398458888	834
1448	323.0797866488489	131.60387339407393	870
1449	323.70999071062636	136.7469465639551	842
1450	322.716714254589	132.92298930372206	861
1451	323.06085963279094	134.93532331846438	848
1452	322.74646146408105	134.84756250642644	850
1453	322.9809053252094	134.9538919570404	846
1454	322.83787107281864	133.37357636353624	859
1455	324.45648463282095	138.5754384891905	823
1456	322.5784656640029	131.37025366304186	863
1457	322.8139505961524	136.89160486599425	839
1458	323.50298560617165	137.84029333378754	842
1459	321.37251374312024	130.11785843814187	875
1460	324.14438404709574	135.50197049129	839
1461	322.4307409252571	134.1851561664016	855
1462	323.10314723317845	133.69827042663994	859
1463	322.7067587436787	134.92372637810675	860
1464	322.044991175677	131.89230553245926	870
1465	322.09742547604185	132.6379785552845	865
1466	323.49786324067804	135.43946151791548	836
1467	322.4422075564037	133.86355795462822	855
1468	322.8970474153182	131.83599786366761	871
1469	322.39904128974416	133.0020405637338	859
1470	323.10253668037177	135.9155793110998	839
1471	322.7742326446252	132.50773087383325	858
1472	322.6424510307354	134.07927742675818	862
1473	322.0143713168256	131.26543942721685	866
1474	322.3950346682951	132.08093227571715	870
1475	322.2404017712694	133.34388085453864	856
1476	324.15979400456024	133.1847175267372	852
1477	323.0925274499276	132.69649233160146	861
1478	323.01077400091793	134.6746528338557	851
1479	322.66817391115643	133.93928709148963	851
1480	324.2802482465403	136.60593971206092	844
1481	321.283741289989	130.85935457803836	866
1482	323.21070625789054	135.9180549800155	846
1483	322.8050562978415	132.12594666077752	856
1484	322.21162480218146	133.79095701420042	860
1485	322.2355792309742	131.81930182949907	858
1486	323.8957235834419	135.24558633105957	837
1487	321.66577084039056	131.07321165462355	868
1488	323.2081904931228	133.21466530720429	866
1489	323.21568684219926	137.6506043102736	835
1490	322.28448063193446	132.6762560695899	855
1491	321.54700086200125	130.75591260500676	869
1492	323.229304905827	135.406892568466	850
1493	323.7839559669394	136.573060083926	832
1494	323.3120281459986	133.07338165277517	863
1495	323.97627785258953	135.36540691109846	850
1496	322.88581843159585	133.49542937593841	860
1497	322.6484190968373	133.66933095786294	844
1498	323.35861154359844	133.93526137735978	854
1499	323.0730975571664	133.9258985295686	859
